704,388
342,592
694,18
67,72
196,298
645,72
324,370
323,434
28,90
53,118
30,288
82,17
342,715
544,387
155,189
18,167
288,89
325,693
380,1
145,51
560,681
677,743
320,17
53,23
30,51
119,1
82,2
164,2
338,152
333,780
18,152
22,396
557,350
24,364
323,88
144,188
55,758
676,350
675,372
674,396
31,188
704,767
342,87
72,301
66,3
283,569
23,15
646,15
559,481
26,37
55,779
28,385
651,153
318,447
82,4
698,352
428,596
153,580
25,4
26,36
293,4
28,202
616,705
1,747
258,283
257,63
698,727
338,627
71,5
190,13
101,597
153,571
560,5
143,203

fold along y=391
fold along x=352
fold along y=194
fold along x=174
fold along y=95
fold along x=85
fold along y=45
fold along x=41
fold along y=20
fold along y=9
